#NAME:			chaser.trans_init.position[0]
#TYPE:			RANDOM
#UNIT:			m
#DISTRIBUTION:	GAUSSIAN
#SEED:			1
#SIGMA:			50
#MU:			6.77814e+06
#MIN:			-1.79769e+308
#MAX:			1.79769e+308
#REL_MIN:		1
#REL_MAX:		1

#NAME:			chaser.trans_init.position[1]
#TYPE:			RANDOM
#UNIT:			m
#DISTRIBUTION:	GAUSSIAN
#SEED:			2
#SIGMA:			50
#MU:			-621.1
#MIN:			-1.79769e+308
#MAX:			1.79769e+308
#REL_MIN:		1
#REL_MAX:		1

#NAME:			chaser.trans_init.position[2]
#TYPE:			RANDOM
#UNIT:			m
#DISTRIBUTION:	GAUSSIAN
#SEED:			3
#SIGMA:			50
#MU:			-783.7
#MIN:			-1.79769e+308
#MAX:			1.79769e+308
#REL_MIN:		1
#REL_MAX:		1

#NAME:			chaser.trans_init.velocity[0]
#TYPE:			RANDOM
#UNIT:			m/s
#DISTRIBUTION:	GAUSSIAN
#SEED:			4
#SIGMA:			0.5
#MU:			0
#MIN:			-1.79769e+308
#MAX:			1.79769e+308
#REL_MIN:		1
#REL_MAX:		1

#NAME:			chaser.trans_init.velocity[1]
#TYPE:			RANDOM
#UNIT:			m/s
#DISTRIBUTION:	GAUSSIAN
#SEED:			5
#SIGMA:			0.5
#MU:			4763
#MIN:			-1.79769e+308
#MAX:			1.79769e+308
#REL_MIN:		1
#REL_MAX:		1

#NAME:			chaser.trans_init.velocity[2]
#TYPE:			RANDOM
#UNIT:			m/s
#DISTRIBUTION:	GAUSSIAN
#SEED:			6
#SIGMA:			0.5
#MU:			6009.9
#MIN:			-1.79769e+308
#MAX:			1.79769e+308
#REL_MIN:		1
#REL_MAX:		1

# RUN	chaser.trans_init.position[0]	chaser.trans_init.position[1]	chaser.trans_init.position[2]	chaser.trans_init.velocity[0]	chaser.trans_init.velocity[1]	chaser.trans_init.velocity[2]	
00000	6778152.31997562	-686.255285674414	-821.587607204287	-0.636378759302254	4763.04982193027	6009.35352307895
00001	6778115.7806827	-589.001003756385	-743.101025579083	0.386766159048697	4762.72185641078	6009.83998275716
00002	6778126.7726663	-653.703719118401	-817.020122806974	0.400365950361661	4762.55563758545	6009.47097531198
00003	6778115.56311917	-709.474247208643	-645.238502996105	-0.23414017554089	4762.25972103654	6011.07766197802
00004	6778202.2736051	-666.996437803862	-791.256167411704	0.201542533348827	4762.65994932305	6010.3641053759
00005	6778169.37382569	-588.557167324245	-816.836353084816	0.990383294628665	4761.96777719323	6009.79091446831
00006	6778196.71173438	-666.592395455757	-693.010741042522	0.160472260997029	4763.25382707072	6010.46441399451
00007	6778049.97631088	-628.14630356745	-889.245683228292	-0.179051065723937	4763.11451447499	6010.68030752719
00008	6778150.03550976	-582.067819739031	-842.624743703549	0.022169068847646	4763.38143643992	6009.55844968646
00009	6778123.60870768	-563.172045461829	-827.523182370288	-0.180720933277381	4762.22097649609	6009.0952011983
00010	6778121.29818428	-522.716930585111	-787.960805076995	0.622564294160039	4763.2339226502	6009.32554997837
00011	6778138.68275427	-621.320480306061	-743.807778727538	-0.728212822745041	4762.56827323429	6010.56411477362
00012	6778167.73928445	-490.815366843352	-762.304806585538	0.0638365566927726	4762.51482191203	6009.84405771075
00013	6778077.41383875	-591.81710345309	-814.110518632396	-0.171860712660623	4763.34332374237	6010.76440868674
00014	6778037.33269509	-655.940883573674	-716.719483475218	-0.0794540961222648	4763.20927962034	6010.01876741895
00015	6778167.07612953	-613.586534790486	-832.837229716566	-0.113003610659133	4762.8674016038	6009.81636320362
00016	6778168.97036522	-750.595653266986	-745.760337791474	-0.594315620717252	4763.75909255316	6009.97667816613
00017	6778106.84540106	-636.931986769396	-868.218161738841	0.0808357717858261	4762.74521946689	6009.53210303984
00018	6778146.163711	-715.997689425524	-791.653698893731	0.356352569915903	4763.35757947961	6009.62869915585
00019	6778154.76645901	-629.081413947636	-704.374117559149	0.365117006691569	4763.47547806083	6010.25367967851
00020	6778146.91323028	-669.972928581551	-753.168594910417	0.543842888762905	4763.03372603956	6009.65775776478
00021	6778226.64191878	-621.929405600669	-837.674448588677	-0.853186897023351	4762.98952736658	6011.06682363417
00022	6778132.00361985	-553.343711720253	-767.832367043342	-0.229431672000844	4763.31870052229	6009.22003856869
00023	6778066.94166929	-656.530910697824	-708.650794330449	-0.723791613214549	4763.41442852582	6010.18986075996
00024	6778081.55984035	-608.473347761863	-843.745148551738	-0.665612861676239	4763.27181431935	6009.73730600941
00025	6778095.63400458	-601.448495583838	-799.758653297563	-0.706169274524338	4763.02568175718	6009.90791790659
00026	6778189.03181814	-672.318976831929	-842.399544234342	-0.718149463974778	4762.06242411983	6010.30414109104
00027	6778121.6482701	-731.853851679211	-792.530465778261	-0.620825475181738	4763.67531263713	6010.49157183488
00028	6778170.90867606	-628.568265393897	-725.924168075522	0.82456585500035	4763.31479806112	6010.6783422259
00029	6778094.84146638	-551.95292786495	-696.547455115982	-0.645113694740599	4763.44064818942	6010.34585902461
00030	6778115.77134972	-548.251329615122	-791.668536111852	-0.262400735228796	4763.2938419216	6010.43347108024
00031	6778104.48156037	-515.326206799233	-819.456237317072	0.150270675061149	4762.86295693425	6009.47739707332
00032	6778063.12216019	-545.626248087473	-715.635194122515	-0.746265589585697	4763.11149635539	6010.64254824089
00033	6778164.93817461	-670.172231644918	-701.111406777429	-1.64961736310579	4764.24171954056	6009.57647598729
00034	6778104.59489936	-632.624175893798	-748.538980129566	-0.525643810869643	4762.40329857574	6009.7804994468
00035	6778140.6567208	-581.32619645906	-830.132202298233	-0.154413004208991	4762.73233511871	6010.70432213684
00036	6778165.67902718	-620.544849863566	-680.604478990394	-0.805630957481922	4764.10426245998	6010.28545639663
00037	6778091.81763812	-696.605988851023	-763.788669068439	-0.241750107702348	4762.66214696207	6010.60161062908
00038	6778269.54025299	-685.52460124632	-732.909846863276	-0.639608034939647	4762.47341820213	6009.40296901642
00039	6778141.66466202	-701.206555177904	-740.516818023144	0.567965773841729	4762.87177056859	6010.02201072146
00040	6778232.66743513	-555.500079405748	-824.144402435699	-0.135904549116649	4762.96702022705	6009.59042642909
00041	6778060.16831206	-719.240044386479	-823.138797195121	-0.405172087189342	4762.36438808563	6010.16495275523
00042	6778086.20320145	-629.937506967688	-751.239500878553	0.279593244502309	4762.00488393436	6009.8735166892
00043	6778140.97991467	-708.483230778276	-721.965619383127	-0.906317488256209	4762.33894344031	6010.03564215526
00044	6778166.06836832	-554.306772794596	-770.78978532611	0.847172604758447	4762.70517530226	6009.70374718387
00045	6778133.53335184	-565.798246425405	-924.979861486084	-0.130499114919359	4763.11138210079	6010.5977784045
00046	6778192.1206886	-618.53753815229	-852.312331039454	0.418502034588447	4763.14021940392	6010.44217754497
00047	6778106.76856602	-690.106572216705	-776.470288985927	-0.551317716169054	4762.48641994124	6009.4526648171
00048	6778092.93578985	-642.116744896021	-797.869454535828	0.574964791167889	4763.03565321286	6009.69345775142
00049	6778210.06123236	-620.94239870598	-735.553328035298	0.238671611453106	4762.26867139886	6010.23941779346
